# id	file_path	transparent_color_r	g	b
[TEXTURES]
10	Resources\Textures\Enemy\enemies.png	3	26	100
20	Resources\Textures\Item\misc1.png	255	255	255
30	Resources\Textures\Enemy\enemy.png	255	255	255

# id	left	top	width	height	texture_id
[SPRITES]

#GOOMBA
30001	9	11	16	16	30
30002	32	11	16	16	30
#die
30003	54	18	16	9	30
#die fly
30004	216	11	16	16	30

#KOOPA RED
#walk
20001	30	67	16	26	30
20002	49	66	16	27	30
#sleep
20003	71	65	18	32	30
#troopa spin
20004	215	32	16	32	30
20005	246	31	16	32	30
20006	275	31	16	32	30

#CBRICK
40001	157	188	16	16	20
40002	176	188	16	16	20
40003	196	188	16	16	20
40004	215	188	16	16	20
40005	254	188	16	16	20
40006	353	286	16	17	20

#MUSHROOM
50001	156	121	16	16	20

#LEAF RED
60001	180	121	16	16	20

#VENUS RED UP
70001	7	71	16	32	30
#VENUS RED DOWN
70002	7	33	16	32	30
#FIRE VENUS
70003	35	36	8	8	30
70004	50	37	8	8	30
70005	35	50	8	8	30
70006	50	50	8	8	30

#COIN
80001	290	101	14	16	20
80002	305	101	14	16	20
80003	315	101	14	16	20
80004	334	100	14	16	20
80005	351	100	14	16	20
80006	368	100	14	16	20

# ani_id	sprite1_id	time1	sprite2_id	time2	...
[ANIMATIONS]
# ==== GOOMBA  =========
# walk
301	30001	100	30002	100
# die
302	30003	100
# die fly
303	30004	100

# ====  KOOPA =========
#walk
201	20001	100	20002	100
#sleep
202	20003	100
#troopa spin
203	20004	100	20005	100	20006	100

# ==== CBRICK  =========
401	40001	100	40002	100	40003	100	40004	100
402	40005	100
403	40006	100

# ==== MUSHROOM  =========
501	50001	100

# ==== LEAF RED  =========
601	60001	100

# ==== VENUS RED UP  =========
701	70001	100
# ==== VENUS RED DOWN  =========
702	70002	100
# ==== FIRE VENUS  =========
703	70003	100	70004	100	70005	100	70006	100

# ==== COIN  =========
801	80001	150	80002	150	80003	150	80004	150	80005	150	80006	150



# id	ani1	ani2	ani3
#
[ANIMATION_SETS]
# GOOMBA
2	301	302	303

#KOOPA
3	201	202	203

# CBRICK
4	401
5	402
6	403

# MUSHROOM
11	501

#LEAF RED
12	601

#VENUS RED UP
13	701
#VENUS RED DOWN
14	702
#FIRE VENUS
15	703

#COIN
16	801

[OBJECTS]
# type	x	y	ani_set_id	extra_settings per object type
# type: 0 = Mario , 1 = Brick, 2 = Goomba, 3 = Koopas

# KOOPAS
3	60	380	3	16	27

# GOOMBA
#11	160	390	2	16	16
#2	260	135	3
#2	320	135	3
#2	480	135	3
#2	500	135	3

# MUSHROOM
5	240	304	11	16	16

#LEAF RED
#6	192	352	12	16	16

#VENUS RED UP
#7	344	330	13	16	32
#VENUS RED DOWN
#8	344	330	14	16	32
#FIRE VENUS
#9	344	330	15	8	8

#COIN
10	1072	320	16	14	16
10	1104	288	16	14	16
10	1136	256	16	14	16
10	1168	224	16	14	16
10	1200	192	16	14	16
10	1328	80	16	14	16
10	1344	80	16	14	16
10	1360	80	16	14	16
10	1472	112	16	14	16
10	1488	112	16	14	16
10	1536	128	16	14	16
10	1552	128	16	14	16
10	1568	128	16	14	16
10	1584	128	16	14	16
10	1616	112	16	14	16
10	1632	112	16	14	16
10	1648	112	16	14	16
10	1664	112	16	14	16
10	1696	144	16	14	16
10	1728	112	16	14	16
10	1760	128	16	14	16
10	1808	96	16	14	16
10	1840	128	16	14	16

# CBRICK
4	176	352	4	16	16
4	192	352	4	16	16
4	224	304	4	16	16
4	240	304	4	16	16
4	416	320	4	16	16
4	656	384	4	16	16
4	704	352	4	16	16
4	1472	368	4	16	16
4	1440	128	4	16	16
4	1504	336	5	16	16
4	1520	336	5	16	16
4	1568	400	5	16	16
4	1584	400	5	16	16
4	1600	400	5	16	16
4	1600	384	5	16	16
4	1600	368	5	16	16
4	1584	384	5	16	16
4	1664	368	5	16	16
4	1664	384	5	16	16
4	1664	400	5	16	16
4	1680	384	5	16	16
4	1696	400	5	16	16
4	1680	400	5	16	16
4	1952	400	6	16	16
4	1968	400	6	16	16
4	1984	400	6	16	16
4	2000	400	6	16	16
4	2016	400	6	16	16
4	2032	400	6	16	16
4	2048	400	6	16	16
4	1968	384	6	16	16
4	1984	384	6	16	16
4	2000	384	6	16	16
4	2016	384	6	16	16
4	2032	384	6	16	16
4	1984	368	6	16	16
4	2000	368	6	16	16
4	2016	368	6	16	16
4	2032	368	6	16	16
4	2096	400	6	16	16
4	2112	400	6	16	16
4	2096	384	6	16	16
4	2256	368	5	16	16
4	2272	368	5	16	16
4	2256	304	5	16	16
4	2272	304	5	16	16

# BRICK 
# --- platform (hint: I created the list using Excel!) ----
1	0	272	21	16	144
1	0	416	22	624	16
1	240	368	23	48	0
1	272	336	24	48	0
1	352	368	25	32	48
1	400	368	24	80	0
1	464	336	24	64	0
1	512	384	24	96	0
1	512	304	24	64	0
1	624	400	22	464	16
1	1152	416	22	352	16
1	1536	416	22	80	16
1	1664	416	22	576	16
1	2256	416	22	576	16
1	1264	384	22	112	0
1	1296	352	22	112	0
1	1328	320	22	112	0
1	1792	384	22	32	32
1	1856	368	22	32	48
1	2256	384	22	32	32
1	2256	112	22	32	208
1	2320	384	22	32	32
1	2144	368	22	48	0
1	2176	272	22	48	0
1	1312	144	22	64	0
1	1408	192	22	64	0
1	1488	176	22	208	0
#Gate
#2	700	400	1	200	300	0	1

[TILEMAP]
#tile id	file_texture	file_path	num row on tex	num col on tex	num row on tilemap	num col tilemap	tile size
1000	Resources\TileMap\1.png	Resources\TileMap\1.txt	27	176	27	176	16	16